((("insert" .
   [1 0 0 0 0 0])
  ("val_" .
   [2 0 0 0])
  ("begin" .
   [2 0 0 0 0])
  ("end" .
   [3 0 0])
  ("sort" .
   [1 0 0 0])
  ("sum" .
   [1 0 0])
  ("size" .
   [1 0 0 0])
  ("in" .
   [3 0])
  ("unsigned" .
   [0 0 0 0 0 0 0 1])
  ("values" .
   [4 0 1 1 0 1])
  ("mtx_" .
   [1 0 0 0])
  ("lck" .
   [2 0 0])
  ("mutex" .
   [1 0 0 0 1])
  ("unique_lock" .
   [2 0 0 0 0 0 0 0 0 1 0])
  ("std" .
   [3 0 0])
  ("setCentre" .
   [0 0 0 1 0 0 0 0 0])
  ("s" .
   [1])
  ("set" .
   [1 0 0])
  ("Shape" .
   [1 0 0 0 0])))
